              precision    recall  f1-score   support

           A       0.96      0.95      0.95      1833
           B       0.97      0.97      0.97      1780
           C       0.87      0.92      0.90      1827
           D       0.88      0.85      0.86      1858
           E       0.83      0.88      0.85      1917
           F       0.92      0.89      0.90      1782
           G       0.88      0.86      0.87      1895
           H       0.86      0.82      0.84      1878
           I       0.84      0.78      0.81      1779
           J       0.86      0.81      0.83      1778
           K       0.84      0.82      0.83      1917
           L       0.85      0.80      0.82      1832
           M       0.76      0.85      0.80      1872
           O       0.76      0.77      0.77      1812
           P       0.83      0.81      0.82      1861
           Q       0.94      0.90      0.92      1853
           R       0.90      0.89      0.89      1839
           S       0.73      0.86      0.79      1835

    accuracy                           0.86     33148
   macro avg       0.86      0.86      0.86     33148
weighted avg       0.86      0.86      0.86     33148
