              precision    recall  f1-score   support

           A       0.97      0.95      0.96      1845
           B       0.98      0.99      0.98      1758
           C       0.86      0.93      0.89      1712
           D       0.89      0.83      0.86      1840
           E       0.96      0.91      0.93      1829
           F       0.94      0.96      0.95      1750
           G       0.98      0.96      0.97      1865
           H       0.83      0.86      0.84      1816
           I       0.78      0.75      0.76      1769
           J       0.76      0.84      0.80      1738
           K       0.85      0.85      0.85      1809
           L       0.83      0.68      0.75      1773
           M       0.92      0.92      0.92      1842
           O       0.93      0.94      0.94      1749
           P       0.99      0.95      0.97      1851
           Q       0.93      0.96      0.95      1802
           R       0.99      0.99      0.99      1841
           S       0.85      0.97      0.91      1836

    accuracy                           0.90     32425
   macro avg       0.90      0.90      0.90     32425
weighted avg       0.90      0.90      0.90     32425
