              precision    recall  f1-score   support

           A       0.91      0.81      0.86      1838
           B       0.98      0.97      0.97      1821
           C       0.82      0.74      0.78      1747
           D       0.82      0.79      0.81      1832
           E       0.89      0.83      0.86      1875
           F       0.89      0.93      0.91      1815
           G       0.94      0.94      0.94      1875
           H       0.73      0.80      0.76      1869
           I       0.65      0.63      0.64      1794
           J       0.69      0.76      0.73      1829
           K       0.77      0.76      0.76      1871
           L       0.64      0.50      0.56      1827
           M       0.84      0.86      0.85      1889
           O       0.90      0.92      0.91      1789
           P       0.97      0.93      0.95      1889
           Q       0.90      0.95      0.92      1837
           R       0.97      0.97      0.97      1859
           S       0.71      0.94      0.81      1886

    accuracy                           0.84     33142
   macro avg       0.84      0.83      0.83     33142
weighted avg       0.84      0.84      0.83     33142
